.Random.seed <-
c(403L, 594L, 613791855L, 13552068L, -1216649774L, 562174903L, 
-790682139L, 1675605089L, 2058331363L, 1599906457L, -684655824L, 
-715114668L, 224799332L, -1931659961L, 1817968620L, -1569339118L, 
809009567L, 1819150228L, 732686428L, -701312577L, 994274237L, 
710177742L, 1010757482L, 782041421L, 1376266559L, 1297418672L, 
-613377935L, -209513487L, -322737489L, -278073002L, -361031261L, 
541130350L, -2019542756L, 1054311446L, -1126871196L, -1010956358L, 
1269513517L, -685650438L, 194982256L, -972012662L, 778094033L, 
-878515005L, -296524445L, -1830597145L, 657855159L, -666636286L, 
92134391L, -1041582836L, -1263234018L, 1165355327L, -44837586L, 
-1376866027L, -1171535589L, 137869406L, 1796163482L, -467824641L, 
1575448615L, -232458923L, -1800862178L, -112504879L, 580325468L, 
1389350837L, 1556719279L, 539385652L, -768498534L, 570076903L, 
492635808L, -1031981135L, -1138667296L, -1803261941L, -406144688L, 
-688164329L, -1019592789L, -81588604L, 103929360L, -936403974L, 
-1384913022L, -2100413911L, 651709529L, -450034068L, 1442848869L, 
-1564268926L, 45201246L, -1330562489L, 861592401L, -889994653L, 
-1127711400L, 1296229949L, -1156057488L, -1109187431L, 733692566L, 
753211521L, -214870297L, -197044923L, -1110570981L, 1148001984L, 
1603245637L, -2067303461L, 1902463419L, 1787058582L, 1129924535L, 
-1120313546L, 801090943L, 1540232418L, -896207257L, -875825724L, 
45820767L, 1419403371L, -1268515526L, 637760368L, -790894280L, 
-995100658L, 980286847L, 1393693803L, 990693175L, -2017899339L, 
-1621930935L, 335885180L, 1842528406L, -1057166108L, 1090024366L, 
-1276977285L, 1186657110L, 1729324018L, 331436381L, 1346429305L, 
552778809L, -1695597779L, 1563883792L, 1174670490L, 1874999394L, 
-2114707942L, -1063099083L, 1206479118L, 674965146L, -1383166725L, 
-1189770194L, 737499866L, 275000236L, -356947724L, -1998267287L, 
-1077635704L, -1816756369L, 417388233L, -610759164L, -189574585L, 
-452396437L, 1164857799L, 2049316272L, 271721166L, 1285364806L, 
-105302563L, -1219550396L, 952166262L, 95955559L, -229662740L, 
-1908233824L, 84088210L, 1611572632L, -297893560L, -1254835073L, 
1052240186L, 306529694L, 2076186828L, -1712216351L, 1666932679L, 
-234270072L, -459246206L, -38371528L, -397696219L, -1430562459L, 
1932716401L, -1922336939L, 1796511230L, 1286766532L, 1345958731L, 
-1106700038L, -1280052394L, 945129243L, -459861382L, -1741303224L, 
573625187L, -834335559L, 1938311963L, -1003768609L, -238858588L, 
-755435361L, 2123765036L, -1144170463L, 1362296651L, -106760694L, 
-1525928298L, 1380826462L, -1557917023L, -755168058L, -1977264516L, 
-263086594L, -2111645386L, 1023951251L, 1669470563L, 825488147L, 
1208489448L, 1784453258L, -1143914736L, 1162868326L, -2012980455L, 
-601601673L, -1279686407L, -1662806498L, 1975589074L, 21404435L, 
-1051715696L, -1883029839L, 1880071141L, 960368926L, 155428614L, 
-1491794754L, -2093610208L, 1597007229L, 1935170810L, -1934740226L, 
-1013132801L, -775968921L, -794158270L, -2003114302L, -1065810551L, 
232449868L, -1107305932L, -1698330235L, 257006947L, 2115549399L, 
-975462759L, 1384883333L, 1220173998L, 2009322993L, 1928215892L, 
1060140482L, 1159842270L, -785434606L, -1592048418L, 1448723524L, 
-871972008L, 700131521L, -1251209380L, -114944769L, -1883939376L, 
1361410886L, 1685506724L, 138063116L, -1796645763L, -462150406L, 
-1395754136L, -119600513L, -1435273042L, -1601198627L, -331143658L, 
730676318L, 1158716291L, -1035122889L, -1712968690L, 545872972L, 
-2050164700L, -1548288625L, 47006700L, 1096431186L, -1055219297L, 
-1795491885L, -730154991L, -1106653607L, 291470970L, 1652821469L, 
1454294494L, 640131558L, -1400549985L, 1508032221L, -1976148605L, 
-1819079688L, -738545675L, 2140665116L, -1811549491L, -163868875L, 
-688619456L, 1818590367L, 767432034L, -1304206147L, -421004103L, 
524241755L, -26670138L, 769865142L, 787064070L, -47813210L, 3959372L, 
-481349049L, -776377582L, 114835183L, 1381039812L, 380708184L, 
552417130L, -2043389360L, -850863423L, 1250759077L, 63215700L, 
-1593255384L, 35949563L, -820505277L, -407943494L, 1831585915L, 
-755161700L, 1736234317L, -231164618L, -1472778178L, 187126613L, 
-466715744L, 2015060090L, -329436837L, -1682914060L, -584267977L, 
-1632305512L, 1724545756L, 324958329L, 195395543L, 1399068300L, 
-215681902L, 487476320L, 816422839L, -1151451406L, -1785171586L, 
-67624107L, -1291055322L, 1522085485L, 551311506L, -744598414L, 
-1595480864L, -152791762L, -1482178535L, -20663378L, 1553177880L, 
-706793157L, -2025352939L, 1501219696L, 12952736L, 1361845865L, 
1429003428L, 688202496L, -2079738318L, 543359534L, -370561010L, 
1081337389L, -1026198090L, 2111784704L, -704082044L, 934896974L, 
-485584079L, -1807057473L, 1497897420L, 1912495535L, -288629831L, 
566209019L, 766036228L, 1047260505L, -940922917L, -2064443619L, 
-132477982L, 1718433978L, 1450291345L, -1173086104L, 702048449L, 
-1557119468L, 615059872L, 1001514169L, -373662771L, 2081083150L, 
-1518341260L, 1307695229L, 433754051L, -404931460L, -1533825505L, 
-694629577L, 1209013300L, -37720007L, -871952101L, 1200980079L, 
1200608354L, 676393270L, -1116400363L, -891222945L, -292968754L, 
-1078563915L, -900435434L, 450833170L, 538160403L, -955221663L, 
1110756178L, 95086521L, 278508303L, -737918390L, -1072570400L, 
-1563560958L, 1836879667L, -1392746544L, 137828330L, 366656691L, 
779052485L, 1266943718L, 1735076887L, -147836114L, 1011561644L, 
828137710L, 210846076L, 1919788315L, -1749985960L, 872990022L, 
917408553L, 246286156L, -2133250364L, 217308167L, 388565708L, 
-2066965481L, 2019608797L, -1765783260L, -1555024819L, -2100945118L, 
-368419055L, -253604610L, -2127421506L, -1379367686L, -507487947L, 
-369440259L, -2055892681L, -1103879969L, 1078360347L, -953703771L, 
446906777L, -291638737L, 476421833L, 233652788L, -1364577047L, 
1588523839L, 1215782258L, -131224521L, 184698015L, 1848238968L, 
-396820706L, 1406326055L, 1158899244L, -2965854L, 1542563847L, 
-107874201L, 119942159L, 120545115L, 77379796L, -1568266987L, 
1464585076L, -318858363L, -364985090L, 1441019508L, 212109569L, 
-1582430976L, 1754747077L, -808765754L, 1369330398L, 1875001512L, 
2085747498L, -2008146981L, 938002297L, 1071739755L, 504672530L, 
-575797979L, -349808374L, 1235290741L, -484525502L, -227059933L, 
1445945093L, 1283241086L, -1802189012L, 372873626L, 905719948L, 
1121443432L, -766240831L, -921875283L, -858174842L, 203064435L, 
1882950975L, 418992706L, 161447805L, -585298702L, 288334162L, 
1288281455L, -508043738L, 520101302L, 1433669841L, -701587864L, 
1887185431L, 1263973994L, -151654018L, 190401633L, 1133068956L, 
750012768L, 1086697521L, -1027044139L, -1250129304L, 708634536L, 
-1224738997L, -2014717083L, 417555434L, 1984979434L, -222957816L, 
1986576502L, -1979491846L, 1848957424L, -548653168L, 1218357890L, 
281224700L, 1335393152L, -343951908L, -401291403L, -1000821785L, 
-254552202L, -1852901404L, 208098699L, -1822652394L, -170291828L, 
-1670380424L, -922615733L, 1379169876L, 1167398035L, -361395488L, 
1463096356L, 1745198697L, -112783916L, -1775791886L, -910497931L, 
-1864050580L, 238562573L, -365515868L, 304706351L, 740307010L, 
849419493L, -1257831301L, -379160202L, -2079320514L, -193407193L, 
911136896L, -1543226820L, -863799680L, 2019206653L, -1059240056L, 
838189866L, -872646133L, -2058136552L, -1704985295L, 1543526262L, 
-1091780177L, -1736500644L, -207521735L, 139447741L, 1914015789L, 
783615034L, -1820857353L, -1666634705L, -1931884301L, 2092920954L, 
1886435524L, 522388375L, 389689148L, -487550264L, -1456163482L, 
-213516716L, 361641035L, 1261185646L, 100069104L, -457312916L, 
2017621004L, -827623155L, 1864989262L, 1358403811L, 1460711827L, 
1048335273L, -42148937L, -2040971470L, 2106349496L, -599650573L, 
-644025328L, -188084246L, 477257694L, -1062807660L, 271122473L, 
-1071699813L, -1211110871L, 490972879L, -1534086649L, 1774738303L, 
-1706783655L, 198939038L, 1697114595L, 150318434L, 4246592L, 
